1854 0.001001119613647461
2238 0.001001119613647461
2374 0.0040471553802490234
2503 0.03809762001037598
2700 0.03809762001037598
3084 0.03809762001037598
3220 0.03809762001037598
3221 0.08603215217590332
3226 0.10169386863708496
3231 0.16417837142944336
3354 0.19542145729064941
3357 22.223241090774536
3362 22.403237342834473
3406 23.076169967651367
3665 23.076169967651367
3801 23.076169967651367
3937 23.12303328514099
3938 23.60735273361206
3943 23.63863468170166
3948 24.732279777526855
3949 42.24808931350708
3954 43.98556590080261
3959 83.35026407241821
4077 95.66117310523987
4082 96.69252252578735
4213 100.58740878105164
4218 112.19419407844543
4354 279.59093022346497
